19877527584864
32560227450976
39301969281120
32614794756192
19877474173024
39353009766496
39356737486944
19877535973472
32801276067936
39309022560352
39323351154784
19877527388256
39309022363744
32175146205280
39299603136608
20292758831200
39301972066400
19877278122080
39327597592672
19877488099424
32568053301344
39327598215264
30226884460640
39301971935328
39309022429280
39269207801952
19877227495520
32648982921312
31865022611552
19877149180000
39348467597408
32603625848928
31684122542176
19877527289952
19877206491232
32607995265120
39327598051424
19877205835872
19877227626592
39299875438688
32747349934176
30227476152416
31873694892128
31873695678560
39309021806688
39309022330976
39273539502176
39309021642848
32801354350688
39299874979936
